<?xml version="1.0" encoding="utf-8"?><svg xmlns="http://www.w3.org/2000/svg" xmlns:xlink="http://www.w3.org/1999/xlink" width="1504" height="641" preserveAspectRatio="xMidYMid" viewBox="0 0 1504 641" style="z-index:1;margin-right:-2px;display:block;background-color:rgb(241, 242, 243);animation-play-state:paused" ><g transform="translate(752,320.5) scale(1,1) translate(-752,-320.5)" style="transform:matrix(1, 0, 0, 1, 0, 0);animation-play-state:paused" ><style type="text/css" style="animation-play-state:paused" >@keyframes ld-fall {
    0%    { transform: translate(0,0px) rotate3d(1,1,1,0deg); }
    16.6% { transform: translate(0,108.83333333333333px) rotate3d(1,1,1,180deg); }
    33.3% { transform: translate(0,217.66666666666666px) rotate3d(1,1,1,360deg); }
    50.0% { transform: translate(0,326.5px) rotate3d(1,1,1,540deg); }
    66.6% { transform: translate(0,435.3333333333333px) rotate3d(1,1,1,720deg); }
    83.3% { transform: translate(0,544.1666666666666px) rotate3d(1,1,1,900deg); }
    100%  { transform: translate(0,653px) rotate3d(1,1,1,1080deg) ; }
  }
  .ld.ld-fall {
    animation: ld-fall 4s linear infinite;
  }
  .ld.ld-fall2 {
    animation: ld-fall 4s linear infinite;
    animation-fill-mode: forwards;
  }</style>

  
<g transform="translate(0 304.3559533740258)" style="transform:matrix(1, 0, 0, 1, 0, 304.356);animation-play-state:paused" ><g transform="translate(1465.8500259634384 0)" style="transform:matrix(1, 0, 0, 1, 1465.85, 0);animation-play-state:paused" ><g class="ld ld-fall2" style="transform:matrix3d(0.0908348, 0.992383, -0.0832177, 0, -0.0832177, 0.0908348, 0.992383, 0, 0.992383, -0.0832177, 0.0908348, 0, 0, 284.98, 0, 1);animation-play-state:paused;animation-duration:4s;animation-delay:-1.74516s" ><rect x="-4.793060338580276" y="-4.437911189424304" width="9.586120677160553" height="8.875822378848609" fill="#3b4368" style="transform:matrix(2.36763, 0, 0, 2.36763, 0, 0);animation-play-state:paused" ></rect></g></g>
<g transform="translate(506.2386545393264 0)" style="transform:matrix(1, 0, 0, 1, 506.239, 0);animation-play-state:paused" ><g class="ld ld-fall2" style="transform:matrix3d(0.224187, -0.181653, 0.957467, 0, 0.957467, 0.224187, -0.181653, 0, -0.181653, 0.957467, 0.224187, 0, 0, 375.219, 0, 1);animation-play-state:paused;animation-duration:2s;animation-delay:-1.14862s" ><rect x="-5.67266134991986" y="-4.358338865207266" width="11.34532269983972" height="8.716677730414531" fill="#93dbe9" style="transform:matrix(2.14036, 0, 0, 2.14036, 0, 0);animation-play-state:paused" ></rect></g></g>
<g transform="translate(820.5676122177262 0)" style="transform:matrix(1, 0, 0, 1, 820.568, 0);animation-play-state:paused" ><g class="ld ld-fall2" style="transform:matrix3d(0.639171, 0.693426, -0.332597, 0, -0.332597, 0.639171, 0.693426, 0, 0.693426, -0.332597, 0.639171, 0, 0, 37.9061, 0, 1);animation-play-state:paused;animation-duration:2s;animation-delay:-0.115634s" ><rect x="-5.166789696012414" y="-4.230617649351204" width="10.333579392024827" height="8.461235298702409" fill="#689cc5" style="transform:matrix(1.51852, 0, 0, 1.51852, 0, 0);animation-play-state:paused" ></rect></g></g>
<g transform="translate(485.9019163347815 0)" style="transform:matrix(1, 0, 0, 1, 485.902, 0);animation-play-state:paused" ><g class="ld ld-fall2" style="transform:matrix3d(0.0828587, -0.0764809, 0.993622, 0, 0.993622, 0.0828587, -0.0764809, 0, -0.0764809, 0.993622, 0.0828587, 0, 0, 149.907, 0, 1);animation-play-state:paused;animation-duration:2s;animation-delay:-0.458051s" ><rect x="-4.712707018681672" y="-4.1145160042696975" width="9.425414037363344" height="8.229032008539395" fill="#b3b7e2" style="transform:matrix(2.58535, 0, 0, 2.58535, 0, 0);animation-play-state:paused" ></rect></g></g>
<g transform="translate(1134.8820990133295 0)" style="transform:matrix(1, 0, 0, 1, 1134.88, 0);animation-play-state:paused" ><g class="ld ld-fall2" style="transform:matrix3d(0.625837, -0.331729, 0.705892, 0, 0.705892, 0.625837, -0.331729, 0, -0.331729, 0.705892, 0.625837, 0, 0, 614.319, 0, 1);animation-play-state:paused;animation-duration:2s;animation-delay:-1.88129s" ><rect x="-4.998236306529943" y="-3.6874234616209334" width="9.996472613059886" height="7.374846923241867" fill="#93dbe9" style="transform:matrix(2.43344, 0, 0, 2.43344, 0, 0);animation-play-state:paused" ></rect></g></g>
<g transform="translate(225.57644622055568 0)" style="transform:matrix(1, 0, 0, 1, 225.576, 0);animation-play-state:paused" ><g class="ld ld-fall2" style="transform:matrix3d(-0.238538, 0.916011, 0.322527, 0, 0.322527, -0.238538, 0.916011, 0, 0.916011, 0.322527, -0.238538, 0, 0, 525.466, 0, 1);animation-play-state:paused;animation-duration:4s;animation-delay:-3.21722s" ><rect x="-4.7437298999545945" y="-4.765723973069509" width="9.487459799909189" height="9.531447946139018" fill="#d9dbee" style="transform:matrix(3.41911, 0, 0, 3.41911, 0, 0);animation-play-state:paused" ></rect></g></g>
<g transform="translate(677.0732163934335 0)" style="transform:matrix(1, 0, 0, 1, 677.073, 0);animation-play-state:paused" ><g class="ld ld-fall2" style="transform:matrix3d(-0.244288, 0.910412, 0.333877, 0, 0.333877, -0.244288, 0.910412, 0, 0.910412, 0.333877, -0.244288, 0, 0, 308.389, 0, 1);animation-play-state:paused;animation-duration:4s;animation-delay:-1.88884s" ><rect x="-4.591054987645062" y="-5.233673318819022" width="9.182109975290125" height="10.467346637638045" fill="#5e6fa3" style="transform:matrix(3.27349, 0, 0, 3.27349, 0, 0);animation-play-state:paused" ></rect></g></g>
<g transform="translate(129.0024400467329 0)" style="transform:matrix(1, 0, 0, 1, 129.002, 0);animation-play-state:paused" ><g class="ld ld-fall2" style="transform:matrix3d(-0.314319, 0.794066, 0.520253, 0, 0.520253, -0.314319, 0.794066, 0, 0.794066, 0.520253, -0.314319, 0, 0, 318.206, 0, 1);animation-play-state:paused;animation-duration:2s;animation-delay:-0.974547s" ><rect x="-3.794934872732403" y="-4.812502669924816" width="7.589869745464806" height="9.625005339849633" fill="#5e6fa3" style="transform:matrix(3.11141, 0, 0, 3.11141, 0, 0);animation-play-state:paused" ></rect></g></g>
<g transform="translate(986.2874449487621 0)" style="transform:matrix(1, 0, 0, 1, 986.287, 0);animation-play-state:paused" ><g class="ld ld-fall2" style="transform:matrix3d(0.994302, -0.0724745, 0.0781724, 0, 0.0781724, 0.994302, -0.0724745, 0, -0.0724745, 0.0781724, 0.994302, 0, 0, 648.467, 0, 1);animation-play-state:paused;animation-duration:2s;animation-delay:-1.98609s" ><rect x="-4.214452263739597" y="-3.4348783121013557" width="8.428904527479194" height="6.8697566242027115" fill="#689cc5" style="transform:matrix(3.28366, 0, 0, 3.28366, 0, 0);animation-play-state:paused" ></rect></g></g>
<g transform="translate(104.13775909681084 0)" style="transform:matrix(1, 0, 0, 1, 104.138, 0);animation-play-state:paused" ><g class="ld ld-fall2" style="transform:matrix3d(0.902137, -0.2522, 0.350064, 0, 0.350064, 0.902137, -0.2522, 0, -0.2522, 0.350064, 0.902137, 0, 0, 198.658, 0, 1);animation-play-state:paused;animation-duration:4s;animation-delay:-1.21533s" ><rect x="-4.989754193283135" y="-3.915252672159809" width="9.97950838656627" height="7.830505344319618" fill="#b3b7e2" style="transform:matrix(2.19646, 0, 0, 2.19646, 0, 0);animation-play-state:paused" ></rect></g></g>
<g transform="translate(1167.4797083355013 0)" style="transform:matrix(1, 0, 0, 1, 1167.48, 0);animation-play-state:paused" ><g class="ld ld-fall2" style="transform:matrix3d(0.937919, 0.274331, -0.21225, 0, -0.21225, 0.937919, 0.274331, 0, 0.274331, -0.21225, 0.937919, 0, 0, 450.402, 0, 1);animation-play-state:paused;animation-duration:4s;animation-delay:-2.75649s" ><rect x="-5.546507390821293" y="-4.568123317526254" width="11.093014781642585" height="9.136246635052508" fill="#191d3a" style="transform:matrix(2.92111, 0, 0, 2.92111, 0, 0);animation-play-state:paused" ></rect></g></g>
<g transform="translate(1258.0533689274762 0)" style="transform:matrix(1, 0, 0, 1, 1258.05, 0);animation-play-state:paused" ><g class="ld ld-fall2" style="transform:matrix3d(-0.125471, 0.981612, 0.14386, 0, 0.14386, -0.125471, 0.981612, 0, 0.981612, 0.14386, -0.125471, 0, 0, 516.044, 0, 1);animation-play-state:paused;animation-duration:4s;animation-delay:-3.15939s" ><rect x="-5.678112214739468" y="-4.6027785759854964" width="11.356224429478935" height="9.205557151970993" fill="#b3b7e2" style="transform:matrix(1.76999, 0, 0, 1.76999, 0, 0);animation-play-state:paused" ></rect></g></g>
<g transform="translate(1121.143120612203 0)" style="transform:matrix(1, 0, 0, 1, 1121.14, 0);animation-play-state:paused" ><g class="ld ld-fall2" style="transform:matrix3d(-0.274372, 0.399796, 0.874576, 0, 0.874576, -0.274372, 0.399796, 0, 0.399796, 0.874576, -0.274372, 0, 0, 558.846, 0, 1);animation-play-state:paused;animation-duration:2s;animation-delay:-1.71105s" ><rect x="-4.45448729325206" y="-3.3097106860651513" width="8.90897458650412" height="6.619421372130303" fill="#689cc5" style="transform:matrix(3.32605, 0, 0, 3.32605, 0, 0);animation-play-state:paused" ></rect></g></g>
<g transform="translate(233.6961668284072 0)" style="transform:matrix(1, 0, 0, 1, 233.696, 0);animation-play-state:paused" ><g class="ld ld-fall2" style="transform:matrix3d(-0.0947486, 0.989972, 0.104777, 0, 0.104777, -0.0947486, 0.989972, 0, 0.989972, 0.104777, -0.0947486, 0, 0, 296.238, 0, 1);animation-play-state:paused;animation-duration:4s;animation-delay:-1.81426s" ><rect x="-5.996979811066509" y="-4.059547129193205" width="11.993959622133017" height="8.11909425838641" fill="#5e6fa3" style="transform:matrix(3.49314, 0, 0, 3.49314, 0, 0);animation-play-state:paused" ></rect></g></g>
<g transform="translate(1077.5648856657294 0)" style="transform:matrix(1, 0, 0, 1, 1077.56, 0);animation-play-state:paused" ><g class="ld ld-fall2" style="transform:matrix3d(0.730498, -0.328961, 0.598463, 0, 0.598463, 0.730498, -0.328961, 0, -0.328961, 0.598463, 0.730498, 0, 0, 185.359, 0, 1);animation-play-state:paused;animation-duration:4s;animation-delay:-1.1337s" ><rect x="-4.866199987132301" y="-3.072358088323414" width="9.732399974264602" height="6.144716176646828" fill="#191d3a" style="transform:matrix(2.61719, 0, 0, 2.61719, 0, 0);animation-play-state:paused" ></rect></g></g>
<g transform="translate(653.2361888316351 0)" style="transform:matrix(1, 0, 0, 1, 653.236, 0);animation-play-state:paused" ><g class="ld ld-fall2" style="transform:matrix3d(0.469569, 0.830382, -0.299951, 0, -0.299951, 0.469569, 0.830382, 0, 0.830382, -0.299951, 0.469569, 0, 0, 482.62, 0, 1);animation-play-state:paused;animation-duration:2s;animation-delay:-1.47712s" ><rect x="-4.751738700579883" y="-3.837653424395791" width="9.503477401159765" height="7.675306848791582" fill="#689cc5" style="transform:matrix(2.62801, 0, 0, 2.62801, 0, 0);animation-play-state:paused" ></rect></g></g>
<g transform="translate(281.2286622460574 0)" style="transform:matrix(1, 0, 0, 1, 281.229, 0);animation-play-state:paused" ><g class="ld ld-fall2" style="transform:matrix3d(0.88959, 0.373431, -0.26302, 0, -0.26302, 0.88959, 0.373431, 0, 0.373431, -0.26302, 0.88959, 0, 0, 455.557, 0, 1);animation-play-state:paused;animation-duration:4s;animation-delay:-2.78813s" ><rect x="-5.857541654310741" y="-3.6027352578042295" width="11.715083308621482" height="7.205470515608459" fill="#93dbe9" style="transform:matrix(2.94785, 0, 0, 2.94785, 0, 0);animation-play-state:paused" ></rect></g></g>
<g transform="translate(1031.2086324679838 0)" style="transform:matrix(1, 0, 0, 1, 1031.21, 0);animation-play-state:paused" ><g class="ld ld-fall2" style="transform:matrix3d(0.597926, 0.730968, -0.328894, 0, -0.328894, 0.597926, 0.730968, 0, 0.730968, -0.328894, 0.597926, 0, 0, 475.611, 0, 1);animation-play-state:paused;animation-duration:2s;animation-delay:-1.45561s" ><rect x="-4.950127639188798" y="-4.238469019890619" width="9.900255278377596" height="8.476938039781238" fill="#5e6fa3" style="transform:matrix(2.75369, 0, 0, 2.75369, 0, 0);animation-play-state:paused" ></rect></g></g>
<g transform="translate(107.88497475916637 0)" style="transform:matrix(1, 0, 0, 1, 107.885, 0);animation-play-state:paused" ><g class="ld ld-fall2" style="transform:matrix3d(0.924305, 0.305051, -0.229356, 0, -0.229356, 0.924305, 0.305051, 0, 0.305051, -0.229356, 0.924305, 0, 0, 234.335, 0, 1);animation-play-state:paused;animation-duration:4s;animation-delay:-1.43431s" ><rect x="-4.001366275737155" y="-3.65192786682539" width="8.00273255147431" height="7.30385573365078" fill="#689cc5" style="transform:matrix(2.31479, 0, 0, 2.31479, 0, 0);animation-play-state:paused" ></rect></g></g>
<g transform="translate(835.7624840709618 0)" style="transform:matrix(1, 0, 0, 1, 835.763, 0);animation-play-state:paused" ><g class="ld ld-fall2" style="transform:matrix3d(0.954671, -0.186592, 0.231921, 0, 0.231921, 0.954671, -0.186592, 0, -0.186592, 0.231921, 0.954671, 0, 0, 422.485, 0, 1);animation-play-state:paused;animation-duration:4s;animation-delay:-2.58561s" ><rect x="-5.787990102194065" y="-5.6645177020146384" width="11.57598020438813" height="11.329035404029277" fill="#3b4368" style="transform:matrix(2.91337, 0, 0, 2.91337, 0, 0);animation-play-state:paused" ></rect></g></g>
<g transform="translate(420.83460698436875 0)" style="transform:matrix(1, 0, 0, 1, 420.835, 0);animation-play-state:paused" ><g class="ld ld-fall2" style="transform:matrix3d(-0.27138, 0.392638, 0.878742, 0, 0.878742, -0.27138, 0.392638, 0, 0.392638, 0.878742, -0.27138, 0, 0, 341.553, 0, 1);animation-play-state:paused;animation-duration:4s;animation-delay:-2.09184s" ><rect x="-5.472254997155222" y="-3.9714674163015067" width="10.944509994310444" height="7.942934832603013" fill="#689cc5" style="transform:matrix(3.12111, 0, 0, 3.12111, 0, 0);animation-play-state:paused" ></rect></g></g>
<g transform="translate(1207.9449267065177 0)" style="transform:matrix(1, 0, 0, 1, 1207.94, 0);animation-play-state:paused" ><g class="ld ld-fall2" style="transform:matrix3d(0.506041, -0.31066, 0.80462, 0, 0.80462, 0.506041, -0.31066, 0, -0.31066, 0.80462, 0.506041, 0, 0, 172.328, 0, 1);animation-play-state:paused;animation-duration:4s;animation-delay:-1.05372s" ><rect x="-4.095579645318297" y="-3.0058710208184096" width="8.191159290636595" height="6.011742041636819" fill="#b3b7e2" style="transform:matrix(2.30308, 0, 0, 2.30308, 0, 0);animation-play-state:paused" ></rect></g></g>
<g transform="translate(1348.4507981322406 0)" style="transform:matrix(1, 0, 0, 1, 1348.45, 0);animation-play-state:paused" ><g class="ld ld-fall2" style="transform:matrix3d(0.287781, -0.219892, 0.93211, 0, 0.93211, 0.287781, -0.219892, 0, -0.219892, 0.93211, 0.287781, 0, 0, 596.214, 0, 1);animation-play-state:paused;animation-duration:2s;animation-delay:-1.82573s" ><rect x="-3.8667069686007753" y="-4.371257847322004" width="7.733413937201551" height="8.742515694644007" fill="#191d3a" style="transform:matrix(2.57484, 0, 0, 2.57484, 0, 0);animation-play-state:paused" ></rect></g></g>
<g transform="translate(346.0120722159619 0)" style="transform:matrix(1, 0, 0, 1, 346.012, 0);animation-play-state:paused" ><g class="ld ld-fall2" style="transform:matrix3d(-0.333329, 0.668674, 0.664655, 0, 0.664655, -0.333329, 0.668674, 0, 0.668674, 0.664655, -0.333329, 0, 0, 544.046, 0, 1);animation-play-state:paused;animation-duration:2s;animation-delay:-1.66563s" ><rect x="-5.0809375830666745" y="-3.2741505895853624" width="10.161875166133349" height="6.548301179170725" fill="#d9dbee" style="transform:matrix(2.21256, 0, 0, 2.21256, 0, 0);animation-play-state:paused" ></rect></g></g>
<g transform="translate(1392.4029646970225 0)" style="transform:matrix(1, 0, 0, 1, 1392.4, 0);animation-play-state:paused" ><g class="ld ld-fall2" style="transform:matrix3d(-0.185082, 0.229543, 0.955539, 0, 0.955539, -0.185082, 0.229543, 0, 0.229543, 0.955539, -0.185082, 0, 0, 132.388, 0, 1);animation-play-state:paused;animation-duration:2s;animation-delay:-0.404286s" ><rect x="-3.733533051311144" y="-5.697821692125852" width="7.467066102622288" height="11.395643384251704" fill="#b3b7e2" style="transform:matrix(2.05995, 0, 0, 2.05995, 0, 0);animation-play-state:paused" ></rect></g></g>
<g transform="translate(40.12255209578837 0)" style="transform:matrix(1, 0, 0, 1, 40.1226, 0);animation-play-state:paused" ><g class="ld ld-fall2" style="transform:matrix3d(0.688325, -0.332854, 0.644529, 0, 0.644529, 0.688325, -0.332854, 0, -0.332854, 0.644529, 0.688325, 0, 0, 618.036, 0, 1);animation-play-state:paused;animation-duration:4s;animation-delay:-3.7854s" ><rect x="-5.538053953600293" y="-4.5858379654730275" width="11.076107907200585" height="9.171675930946055" fill="#3b4368" style="transform:matrix(2.26612, 0, 0, 2.26612, 0, 0);animation-play-state:paused" ></rect></g></g>
<g transform="translate(1191.633935010128 0)" style="transform:matrix(1, 0, 0, 1, 1191.63, 0);animation-play-state:paused" ><g class="ld ld-fall2" style="transform:matrix3d(-0.281389, 0.417266, 0.864123, 0, 0.864123, -0.281389, 0.417266, 0, 0.417266, 0.864123, -0.281389, 0, 0, 122.599, 0, 1);animation-play-state:paused;animation-duration:2s;animation-delay:-0.374246s" ><rect x="-4.181891389941686" y="-5.201786429515083" width="8.363782779883373" height="10.403572859030167" fill="#93dbe9" style="transform:matrix(1.62547, 0, 0, 1.62547, 0, 0);animation-play-state:paused" ></rect></g></g>
<g transform="translate(1444.4619740449514 0)" style="transform:matrix(1, 0, 0, 1, 1444.46, 0);animation-play-state:paused" ><g class="ld ld-fall2" style="transform:matrix3d(-0.264218, 0.888103, 0.376115, 0, 0.376115, -0.264218, 0.888103, 0, 0.888103, 0.376115, -0.264218, 0, 0, 92.9191, 0, 1);animation-play-state:paused;animation-duration:4s;animation-delay:-0.566906s" ><rect x="-4.1598717787387525" y="-5.970141797804496" width="8.319743557477505" height="11.940283595608992" fill="#93dbe9" style="transform:matrix(3.35261, 0, 0, 3.35261, 0, 0);animation-play-state:paused" ></rect></g></g>
<g transform="translate(785.2101534550184 0)" style="transform:matrix(1, 0, 0, 1, 785.21, 0);animation-play-state:paused" ><g class="ld ld-fall2" style="transform:matrix3d(-0.187343, 0.23311, 0.954234, 0, 0.954234, -0.187343, 0.23311, 0, 0.23311, 0.954234, -0.187343, 0, 0, 132.2, 0, 1);animation-play-state:paused;animation-duration:4s;animation-delay:-0.807421s" ><rect x="-4.952594946142458" y="-4.139052721731236" width="9.905189892284916" height="8.278105443462472" fill="#689cc5" style="transform:matrix(1.99319, 0, 0, 1.99319, 0, 0);animation-play-state:paused" ></rect></g></g>
<g transform="translate(488.59068360776814 0)" style="transform:matrix(1, 0, 0, 1, 488.591, 0);animation-play-state:paused" ><g class="ld ld-fall2" style="transform:matrix3d(-0.0418766, 0.998166, 0.0437104, 0, 0.0437104, -0.0418766, 0.998166, 0, 0.998166, 0.0437104, -0.0418766, 0, 0, 75.1256, 0, 1);animation-play-state:paused;animation-duration:4s;animation-delay:-0.458347s" ><rect x="-3.0107156301331672" y="-5.051967497240692" width="6.0214312602663345" height="10.103934994481383" fill="#5e6fa3" style="transform:matrix(2.95218, 0, 0, 2.95218, 0, 0);animation-play-state:paused" ></rect></g></g>
<g transform="translate(596.1938418768261 0)" style="transform:matrix(1, 0, 0, 1, 596.194, 0);animation-play-state:paused" ><g class="ld ld-fall2" style="transform:matrix3d(0.879346, -0.270937, 0.391591, 0, 0.391591, 0.879346, -0.270937, 0, -0.270937, 0.391591, 0.879346, 0, 0, 414.163, 0, 1);animation-play-state:paused;animation-duration:4s;animation-delay:-2.53484s" ><rect x="-3.4996233346203054" y="-4.662926229995791" width="6.999246669240611" height="9.325852459991582" fill="#b3b7e2" style="transform:matrix(2.74688, 0, 0, 2.74688, 0, 0);animation-play-state:paused" ></rect></g></g>
<g transform="translate(386.68519717234204 0)" style="transform:matrix(1, 0, 0, 1, 386.685, 0);animation-play-state:paused" ><g class="ld ld-fall2" style="transform:matrix3d(0.647637, 0.685341, -0.332978, 0, -0.332978, 0.647637, 0.685341, 0, 0.685341, -0.332978, 0.647637, 0, 0, 37.4092, 0, 1);animation-play-state:paused;animation-duration:2s;animation-delay:-0.114118s" ><rect x="-3.818353728620031" y="-5.510604794444528" width="7.636707457240062" height="11.021209588889056" fill="#689cc5" style="transform:matrix(1.88126, 0, 0, 1.88126, 0, 0);animation-play-state:paused" ></rect></g></g>
<g transform="translate(961.2028382855044 0)" style="transform:matrix(1, 0, 0, 1, 961.203, 0);animation-play-state:paused" ><g class="ld ld-fall2" style="transform:matrix3d(0.985674, -0.111883, 0.126209, 0, 0.126209, 0.985674, -0.111883, 0, -0.111883, 0.126209, 0.985674, 0, 0, 210.472, 0, 1);animation-play-state:paused;animation-duration:2s;animation-delay:-0.64392s" ><rect x="-3.2135369593448497" y="-4.431262419797721" width="6.4270739186896995" height="8.862524839595443" fill="#b3b7e2" style="transform:matrix(2.72773, 0, 0, 2.72773, 0, 0);animation-play-state:paused" ></rect></g></g>
<g transform="translate(853.3801815516337 0)" style="transform:matrix(1, 0, 0, 1, 853.38, 0);animation-play-state:paused" ><g class="ld ld-fall2" style="transform:matrix3d(0.959712, -0.17752, 0.217808, 0, 0.217808, 0.959712, -0.17752, 0, -0.17752, 0.217808, 0.959712, 0, 0, 640.895, 0, 1);animation-play-state:paused;animation-duration:2s;animation-delay:-1.96285s" ><rect x="-4.05318983418915" y="-4.055205907559385" width="8.1063796683783" height="8.11041181511877" fill="#d9dbee" style="transform:matrix(2.00144, 0, 0, 2.00144, 0, 0);animation-play-state:paused" ></rect></g></g>
<g transform="translate(323.2948024613947 0)" style="transform:matrix(1, 0, 0, 1, 323.295, 0);animation-play-state:paused" ><g class="ld ld-fall2" style="transform:matrix3d(0.791488, -0.315153, 0.523665, 0, 0.523665, 0.791488, -0.315153, 0, -0.315153, 0.523665, 0.791488, 0, 0, 407.165, 0, 1);animation-play-state:paused;animation-duration:4s;animation-delay:-2.49214s" ><rect x="-5.335255321611701" y="-4.642118270112034" width="10.670510643223402" height="9.284236540224068" fill="#3b4368" style="transform:matrix(2.89254, 0, 0, 2.89254, 0, 0);animation-play-state:paused" ></rect></g></g>
<g transform="translate(522.7503389814713 0)" style="transform:matrix(1, 0, 0, 1, 522.75, 0);animation-play-state:paused" ><g class="ld ld-fall2" style="transform:matrix3d(0.223523, -0.181226, 0.957703, 0, 0.957703, 0.223523, -0.181226, 0, -0.181226, 0.957703, 0.223523, 0, 0, 157.518, 0, 1);animation-play-state:paused;animation-duration:2s;animation-delay:-0.481408s" ><rect x="-3.485787398588937" y="-4.620509856995561" width="6.971574797177874" height="9.241019713991122" fill="#689cc5" style="transform:matrix(1.92937, 0, 0, 1.92937, 0, 0);animation-play-state:paused" ></rect></g></g>
<g transform="translate(68.84379252196052 0)" style="transform:matrix(1, 0, 0, 1, 68.8438, 0);animation-play-state:paused" ><g class="ld ld-fall2" style="transform:matrix3d(0.685188, 0.647796, -0.332984, 0, -0.332984, 0.685188, 0.647796, 0, 0.647796, -0.332984, 0.685188, 0, 0, 470.489, 0, 1);animation-play-state:paused;animation-duration:2s;animation-delay:-1.43989s" ><rect x="-4.773444003280904" y="-5.687664082823387" width="9.546888006561808" height="11.375328165646774" fill="#93dbe9" style="transform:matrix(2.67508, 0, 0, 2.67508, 0, 0);animation-play-state:paused" ></rect></g></g>
<g transform="translate(1392.6242611666141 0)" style="transform:matrix(1, 0, 0, 1, 1392.62, 0);animation-play-state:paused" ><g class="ld ld-fall2" style="transform:matrix3d(0.535662, 0.782288, -0.31795, 0, -0.31795, 0.535662, 0.782288, 0, 0.782288, -0.31795, 0.535662, 0, 0, 261.401, 0, 1);animation-play-state:paused;animation-duration:2s;animation-delay:-0.800217s" ><rect x="-5.837246073355318" y="-5.399062094762709" width="11.674492146710636" height="10.798124189525417" fill="#689cc5" style="transform:matrix(2.45655, 0, 0, 2.45655, 0, 0);animation-play-state:paused" ></rect></g></g>
<g transform="translate(570.5350124365932 0)" style="transform:matrix(1, 0, 0, 1, 570.535, 0);animation-play-state:paused" ><g class="ld ld-fall2" style="transform:matrix3d(0.361919, 0.89586, -0.257779, 0, -0.257779, 0.361919, 0.89586, 0, 0.89586, -0.257779, 0.361919, 0, 0, 488.264, 0, 1);animation-play-state:paused;animation-duration:4s;animation-delay:-2.98888s" ><rect x="-4.6538335700850455" y="-5.878663694857362" width="9.307667140170091" height="11.757327389714725" fill="#689cc5" style="transform:matrix(3.15237, 0, 0, 3.15237, 0, 0);animation-play-state:paused" ></rect></g></g>
<g transform="translate(1359.5112001261837 0)" style="transform:matrix(1, 0, 0, 1, 1359.51, 0);animation-play-state:paused" ><g class="ld ld-fall2" style="transform:matrix3d(0.452891, -0.294436, 0.841544, 0, 0.841544, 0.452891, -0.294436, 0, -0.294436, 0.841544, 0.452891, 0, 0, 169.497, 0, 1);animation-play-state:paused;animation-duration:4s;animation-delay:-1.03634s" ><rect x="-5.297356143902456" y="-3.4401208258568543" width="10.594712287804912" height="6.880241651713709" fill="#5e6fa3" style="transform:matrix(3.12592, 0, 0, 3.12592, 0, 0);animation-play-state:paused" ></rect></g></g>
<g transform="translate(1021.9365137109847 0)" style="transform:matrix(1, 0, 0, 1, 1021.94, 0);animation-play-state:paused" ><g class="ld ld-fall2" style="transform:matrix3d(0.698391, 0.633902, -0.332293, 0, -0.332293, 0.698391, 0.633902, 0, 0.633902, -0.332293, 0.698391, 0, 0, 34.342, 0, 1);animation-play-state:paused;animation-duration:4s;animation-delay:-0.209523s" ><rect x="-5.900924274175183" y="-3.138001913783472" width="11.801848548350366" height="6.276003827566944" fill="#191d3a" style="transform:matrix(2.84119, 0, 0, 2.84119, 0, 0);animation-play-state:paused" ></rect></g></g>
<g transform="translate(599.0387927190735 0)" style="transform:matrix(1, 0, 0, 1, 599.039, 0);animation-play-state:paused" ><g class="ld ld-fall2" style="transform:matrix3d(0.342156, 0.906222, -0.248378, 0, -0.248378, 0.342156, 0.906222, 0, 0.906222, -0.248378, 0.342156, 0, 0, 271.625, 0, 1);animation-play-state:paused;animation-duration:2s;animation-delay:-0.831593s" ><rect x="-5.730960880086855" y="-5.614441154377925" width="11.46192176017371" height="11.22888230875585" fill="#3b4368" style="transform:matrix(2.64249, 0, 0, 2.64249, 0, 0);animation-play-state:paused" ></rect></g></g>
<g transform="translate(414.4186520977749 0)" style="transform:matrix(1, 0, 0, 1, 414.419, 0);animation-play-state:paused" ><g class="ld ld-fall2" style="transform:matrix3d(0.990478, -0.092469, 0.101991, 0, 0.101991, 0.990478, -0.092469, 0, -0.092469, 0.101991, 0.990478, 0, 0, 211.805, 0, 1);animation-play-state:paused;animation-duration:4s;animation-delay:-1.29602s" ><rect x="-3.6650673383736736" y="-5.217368875849943" width="7.330134676747347" height="10.434737751699886" fill="#3b4368" style="transform:matrix(1.98684, 0, 0, 1.98684, 0, 0);animation-play-state:paused" ></rect></g></g>
<g transform="translate(1180.138667883115 0)" style="transform:matrix(1, 0, 0, 1, 1180.14, 0);animation-play-state:paused" ><g class="ld ld-fall2" style="transform:matrix3d(-0.275285, 0.873272, 0.402013, 0, 0.402013, -0.275285, 0.873272, 0, 0.873272, 0.402013, -0.275285, 0, 0, 94.2697, 0, 1);animation-play-state:paused;animation-duration:2s;animation-delay:-0.287573s" ><rect x="-4.011178875155111" y="-3.682073107874361" width="8.022357750310222" height="7.364146215748722" fill="#93dbe9" style="transform:matrix(3.05089, 0, 0, 3.05089, 0, 0);animation-play-state:paused" ></rect></g></g>
<g transform="translate(994.1812351859691 0)" style="transform:matrix(1, 0, 0, 1, 994.181, 0);animation-play-state:paused" ><g class="ld ld-fall2" style="transform:matrix3d(0.568925, 0.755636, -0.32456, 0, -0.32456, 0.568925, 0.755636, 0, 0.755636, -0.32456, 0.568925, 0, 0, 477.237, 0, 1);animation-play-state:paused;animation-duration:2s;animation-delay:-1.4606s" ><rect x="-3.7181648723934693" y="-5.738800939788198" width="7.4363297447869385" height="11.477601879576396" fill="#b3b7e2" style="transform:matrix(2.76004, 0, 0, 2.76004, 0, 0);animation-play-state:paused" ></rect></g></g>
<g transform="translate(1443.730971595894 0)" style="transform:matrix(1, 0, 0, 1, 1443.73, 0);animation-play-state:paused" ><g class="ld ld-fall2" style="transform:matrix3d(0.968624, -0.159347, 0.190723, 0, 0.190723, 0.968624, -0.159347, 0, -0.159347, 0.190723, 0.968624, 0, 0, 206.996, 0, 1);animation-play-state:paused;animation-duration:2s;animation-delay:-0.633253s" ><rect x="-3.577841556153993" y="-5.769892987822683" width="7.155683112307986" height="11.539785975645366" fill="#689cc5" style="transform:matrix(2.29289, 0, 0, 2.29289, 0, 0);animation-play-state:paused" ></rect></g></g>
<g transform="translate(808.9497199556162 0)" style="transform:matrix(1, 0, 0, 1, 808.95, 0);animation-play-state:paused" ><g class="ld ld-fall2" style="transform:matrix3d(0.440502, -0.290093, 0.849591, 0, 0.849591, 0.440502, -0.290093, 0, -0.290093, 0.849591, 0.440502, 0, 0, 604.177, 0, 1);animation-play-state:paused;animation-duration:4s;animation-delay:-3.70033s" ><rect x="-5.4536055492881435" y="-5.905178433787386" width="10.907211098576287" height="11.810356867574772" fill="#93dbe9" style="transform:matrix(3.14559, 0, 0, 3.14559, 0, 0);animation-play-state:paused" ></rect></g></g>
<g transform="translate(1271.5705302146775 0)" style="transform:matrix(1, 0, 0, 1, 1271.57, 0);animation-play-state:paused" ><g class="ld ld-fall2" style="transform:matrix3d(0.911316, 0.332067, -0.243383, 0, -0.243383, 0.911316, 0.332067, 0, 0.332067, -0.243383, 0.911316, 0, 0, 18.0731, 0, 1);animation-play-state:paused;animation-duration:2s;animation-delay:-0.0551326s" ><rect x="-3.012312718222197" y="-3.554240570703908" width="6.024625436444394" height="7.108481141407816" fill="#d9dbee" style="transform:matrix(2.82689, 0, 0, 2.82689, 0, 0);animation-play-state:paused" ></rect></g></g>
<g transform="translate(689.6931772735362 0)" style="transform:matrix(1, 0, 0, 1, 689.693, 0);animation-play-state:paused" ><g class="ld ld-fall2" style="transform:matrix3d(0.73429, -0.328403, 0.594113, 0, 0.594113, 0.73429, -0.328403, 0, -0.328403, 0.594113, 0.73429, 0, 0, 185.605, 0, 1);animation-play-state:paused;animation-duration:4s;animation-delay:-1.13521s" ><rect x="-3.9271570405526397" y="-4.1733907587152785" width="7.854314081105279" height="8.346781517430557" fill="#b3b7e2" style="transform:matrix(2.08915, 0, 0, 2.08915, 0, 0);animation-play-state:paused" ></rect></g></g>
<g transform="translate(1112.4922624867547 0)" style="transform:matrix(1, 0, 0, 1, 1112.49, 0);animation-play-state:paused" ><g class="ld ld-fall2" style="transform:matrix3d(0.146522, 0.980959, -0.12748, 0, -0.12748, 0.146522, 0.980959, 0, 0.980959, -0.12748, 0.146522, 0, 0, 64.2559, 0, 1);animation-play-state:paused;animation-duration:4s;animation-delay:-0.39203s" ><rect x="-4.562375961809135" y="-4.855713003775696" width="9.12475192361827" height="9.711426007551392" fill="#b3b7e2" style="transform:matrix(1.75536, 0, 0, 1.75536, 0, 0);animation-play-state:paused" ></rect></g></g>
<g transform="translate(615.3986349283991 0)" style="transform:matrix(1, 0, 0, 1, 615.399, 0);animation-play-state:paused" ><g class="ld ld-fall2" style="transform:matrix3d(0.339359, -0.247006, 0.907647, 0, 0.907647, 0.339359, -0.247006, 0, -0.247006, 0.907647, 0.339359, 0, 0, 163.563, 0, 1);animation-play-state:paused;animation-duration:2s;animation-delay:-0.499961s" ><rect x="-3.1726529246329633" y="-5.226304242378772" width="6.345305849265927" height="10.452608484757544" fill="#3b4368" style="transform:matrix(2.08957, 0, 0, 2.08957, 0, 0);animation-play-state:paused" ></rect></g></g>
<g transform="translate(652.623211874158 0)" style="transform:matrix(1, 0, 0, 1, 652.623, 0);animation-play-state:paused" ><g class="ld ld-fall2" style="transform:matrix3d(0.600916, -0.329261, 0.728346, 0, 0.728346, 0.600916, -0.329261, 0, -0.329261, 0.728346, 0.600916, 0, 0, 612.891, 0, 1);animation-play-state:paused;animation-duration:4s;animation-delay:-3.75382s" ><rect x="-5.276698299168689" y="-5.597756424442245" width="10.553396598337377" height="11.19551284888449" fill="#191d3a" style="transform:matrix(1.67351, 0, 0, 1.67351, 0, 0);animation-play-state:paused" ></rect></g></g>
<g transform="translate(575.650516659316 0)" style="transform:matrix(1, 0, 0, 1, 575.651, 0);animation-play-state:paused" ><g class="ld ld-fall2" style="transform:matrix3d(0.187415, -0.157058, 0.969643, 0, 0.969643, 0.187415, -0.157058, 0, -0.157058, 0.969643, 0.187415, 0, 0, 590.939, 0, 1);animation-play-state:paused;animation-duration:4s;animation-delay:-3.61908s" ><rect x="-4.007000870822189" y="-5.10583681937306" width="8.014001741644378" height="10.21167363874612" fill="#d9dbee" style="transform:matrix(3.05199, 0, 0, 3.05199, 0, 0);animation-play-state:paused" ></rect></g></g>
<g transform="translate(1217.8043399024307 0)" style="transform:matrix(1, 0, 0, 1, 1217.8, 0);animation-play-state:paused" ><g class="ld ld-fall2" style="transform:matrix3d(-0.33267, 0.640592, 0.692078, 0, 0.692078, -0.33267, 0.640592, 0, 0.640592, 0.692078, -0.33267, 0, 0, 110.379, 0, 1);animation-play-state:paused;animation-duration:2s;animation-delay:-0.336742s" ><rect x="-4.62206804697923" y="-4.628356866278933" width="9.24413609395846" height="9.256713732557866" fill="#d9dbee" style="transform:matrix(2.16702, 0, 0, 2.16702, 0, 0);animation-play-state:paused" ></rect></g></g>
<g transform="translate(1021.7125527412297 0)" style="transform:matrix(1, 0, 0, 1, 1021.71, 0);animation-play-state:paused" ><g class="ld ld-fall2" style="transform:matrix3d(0.867581, 0.411561, -0.279142, 0, -0.279142, 0.867581, 0.411561, 0, 0.411561, -0.279142, 0.867581, 0, 0, 22.2133, 0, 1);animation-play-state:paused;animation-duration:4s;animation-delay:-0.135525s" ><rect x="-4.36307502020437" y="-4.573752656508306" width="8.72615004040874" height="9.147505313016612" fill="#3b4368" style="transform:matrix(3.41791, 0, 0, 3.41791, 0, 0);animation-play-state:paused" ></rect></g></g>
<g transform="translate(483.5039681347661 0)" style="transform:matrix(1, 0, 0, 1, 483.504, 0);animation-play-state:paused" ><g class="ld ld-fall2" style="transform:matrix3d(0.978482, -0.134741, 0.156259, 0, 0.156259, 0.978482, -0.134741, 0, -0.134741, 0.156259, 0.978482, 0, 0, 208.841, 0, 1);animation-play-state:paused;animation-duration:4s;animation-delay:-1.27783s" ><rect x="-5.059193896827464" y="-5.576754623233352" width="10.118387793654929" height="11.153509246466704" fill="#689cc5" style="transform:matrix(2.84245, 0, 0, 2.84245, 0, 0);animation-play-state:paused" ></rect></g></g>
<g transform="translate(825.4319273785281 0)" style="transform:matrix(1, 0, 0, 1, 825.432, 0);animation-play-state:paused" ><g class="ld ld-fall2" style="transform:matrix3d(0.468353, -0.299562, 0.831209, 0, 0.831209, 0.468353, -0.299562, 0, -0.299562, 0.831209, 0.468353, 0, 0, 170.315, 0, 1);animation-play-state:paused;animation-duration:2s;animation-delay:-0.520682s" ><rect x="-3.0115702367338057" y="-3.376673224366436" width="6.0231404734676115" height="6.753346448732872" fill="#689cc5" style="transform:matrix(1.93311, 0, 0, 1.93311, 0, 0);animation-play-state:paused" ></rect></g></g>
<g transform="translate(724.7833820467686 0)" style="transform:matrix(1, 0, 0, 1, 724.783, 0);animation-play-state:paused" ><g class="ld ld-fall2" style="transform:matrix3d(0.999876, 0.0111939, -0.0110699, 0, -0.0110699, 0.999876, 0.0111939, 0, 0.0111939, -0.0110699, 0.999876, 0, 0, 436.001, 0, 1);animation-play-state:paused;animation-duration:2s;animation-delay:-1.33405s" ><rect x="-5.5825363161795485" y="-3.0112658698786667" width="11.165072632359097" height="6.0225317397573335" fill="#d9dbee" style="transform:matrix(2.72518, 0, 0, 2.72518, 0, 0);animation-play-state:paused" ></rect></g></g>
<g transform="translate(1163.9013375446766 0)" style="transform:matrix(1, 0, 0, 1, 1163.9, 0);animation-play-state:paused" ><g class="ld ld-fall2" style="transform:matrix3d(0.696445, 0.635973, -0.332418, 0, -0.332418, 0.696445, 0.635973, 0, 0.635973, -0.332418, 0.696445, 0, 0, 252.129, 0, 1);animation-play-state:paused;animation-duration:2s;animation-delay:-0.771763s" ><rect x="-3.2099412831692664" y="-3.9678670839130525" width="6.419882566338533" height="7.935734167826105" fill="#d9dbee" style="transform:matrix(1.94878, 0, 0, 1.94878, 0, 0);animation-play-state:paused" ></rect></g></g>
<g transform="translate(1051.6739611723026 0)" style="transform:matrix(1, 0, 0, 1, 1051.67, 0);animation-play-state:paused" ><g class="ld ld-fall2" style="transform:matrix3d(-0.160639, 0.1926, 0.968039, 0, 0.968039, -0.160639, 0.1926, 0, 0.1926, 0.968039, -0.160639, 0, 0, 569.674, 0, 1);animation-play-state:paused;animation-duration:2s;animation-delay:-1.74428s" ><rect x="-4.43204428706477" y="-5.544470451870195" width="8.86408857412954" height="11.08894090374039" fill="#d9dbee" style="transform:matrix(2.02634, 0, 0, 2.02634, 0, 0);animation-play-state:paused" ></rect></g></g>
<g transform="translate(67.952128971896 0)" style="transform:matrix(1, 0, 0, 1, 67.9521, 0);animation-play-state:paused" ><g class="ld ld-fall2" style="transform:matrix3d(-0.294437, 0.452895, 0.841542, 0, 0.841542, -0.294437, 0.452895, 0, 0.452895, 0.841542, -0.294437, 0, 0, 120.725, 0, 1);animation-play-state:paused;animation-duration:4s;animation-delay:-0.736992s" ><rect x="-4.578819451550604" y="-5.1169070809439905" width="9.157638903101208" height="10.233814161887981" fill="#d9dbee" style="transform:matrix(3.26819, 0, 0, 3.26819, 0, 0);animation-play-state:paused" ></rect></g></g>
<g transform="translate(1119.5719577112714 0)" style="transform:matrix(1, 0, 0, 1, 1119.57, 0);animation-play-state:paused" ><g class="ld ld-fall2" style="transform:matrix3d(-0.296942, 0.836615, 0.460327, 0, 0.460327, -0.296942, 0.836615, 0, 0.836615, 0.460327, -0.296942, 0, 0, 532.667, 0, 1);animation-play-state:paused;animation-duration:4s;animation-delay:-3.26142s" ><rect x="-3.8908675388521585" y="-3.5724505516227385" width="7.781735077704317" height="7.144901103245477" fill="#191d3a" style="transform:matrix(2.79771, 0, 0, 2.79771, 0, 0);animation-play-state:paused" ></rect></g></g>
<g transform="translate(624.2655668667829 0)" style="transform:matrix(1, 0, 0, 1, 624.266, 0);animation-play-state:paused" ><g class="ld ld-fall2" style="transform:matrix3d(0.162859, -0.139584, 0.976726, 0, 0.976726, 0.162859, -0.139584, 0, -0.139584, 0.976726, 0.162859, 0, 0, 154.292, 0, 1);animation-play-state:paused;animation-duration:4s;animation-delay:-0.943017s" ><rect x="-4.167223217324501" y="-3.560878568356113" width="8.334446434649003" height="7.121757136712226" fill="#689cc5" style="transform:matrix(1.64906, 0, 0, 1.64906, 0, 0);animation-play-state:paused" ></rect></g></g>
<g transform="translate(475.2813992751239 0)" style="transform:matrix(1, 0, 0, 1, 475.281, 0);animation-play-state:paused" ><g class="ld ld-fall2" style="transform:matrix3d(0.352519, -0.253371, 0.900852, 0, 0.900852, 0.352519, -0.253371, 0, -0.253371, 0.900852, 0.352519, 0, 0, 599.58, 0, 1);animation-play-state:paused;animation-duration:2s;animation-delay:-1.83606s" ><rect x="-5.93638154842611" y="-4.224461945751735" width="11.87276309685222" height="8.44892389150347" fill="#5e6fa3" style="transform:matrix(1.97776, 0, 0, 1.97776, 0, 0);animation-play-state:paused" ></rect></g></g></g>

  
<g transform="translate(0 -348.6440466259742)" style="transform:matrix(1, 0, 0, 1, 0, -348.644);animation-play-state:paused" ><g transform="translate(1465.8500259634384 0)" style="transform:matrix(1, 0, 0, 1, 1465.85, 0);animation-play-state:paused" ><g class="ld ld-fall" style="transform:matrix3d(0.0908348, 0.992383, -0.0832177, 0, -0.0832177, 0.0908348, 0.992383, 0, 0.992383, -0.0832177, 0.0908348, 0, 0, 284.98, 0, 1);animation-play-state:paused;animation-duration:4s;animation-delay:-1.74516s" ><rect x="-4.793060338580276" y="-4.437911189424304" width="9.586120677160553" height="8.875822378848609" fill="#3b4368" style="transform:matrix(2.36763, 0, 0, 2.36763, 0, 0);animation-play-state:paused" ></rect></g></g>
